$ 5 1.5625e-10 3.046768661252054 50 5 43 5e-11
R 112 160 48 160 1 2 200000000 2.5 2.5 0 0.5
c 112 160 192 160 0 1e-12 0.001 0.001
f 336 96 400 96 53 1.5 0.02
f 336 224 400 224 52 1.5 0.02
f 256 224 192 224 52 1.5 0.02
f 256 96 192 96 53 1.5 0.02
c 400 160 480 160 0 1e-12 0.001 0.001
w 256 160 336 96 0
w 256 160 336 224 0
w 336 160 256 96 0
w 336 160 256 224 0
w 192 80 192 48 0
w 192 48 400 48 0
w 400 48 400 80 0
w 192 240 192 272 0
w 400 240 400 272 0
w 192 112 192 160 0
w 192 160 256 160 0
w 192 160 192 208 0
w 336 160 400 160 0
w 400 112 400 160 0
w 400 160 400 208 0
w 400 384 400 432 0
w 400 336 400 384 0
w 336 384 400 384 0
w 192 384 192 432 0
w 192 384 256 384 0
w 192 336 192 384 0
w 400 464 400 496 0
w 192 496 400 496 0
w 192 464 192 496 0
w 400 272 400 304 0
w 192 304 192 272 0
w 336 384 256 448 0
w 336 384 256 320 0
w 256 384 336 448 0
w 256 384 336 320 0
f 256 320 192 320 53 1.5 0.02
f 256 448 192 448 52 1.5 0.02
f 336 448 400 448 52 1.5 0.02
f 336 320 400 320 53 1.5 0.02
w 112 160 112 -48 0
I 112 -48 480 -48 0 0.5 5
w 480 -48 480 160 0
c 192 512 192 544 0 1e-10 0.001 0.001
w 112 160 112 384 0
c 112 384 192 384 0 1e-12 0.001 0.001
c 400 384 480 384 0 1e-12 0.001 0.001
w 480 160 480 384 0
w 192 272 400 272 0
R 192 48 192 -16 0 0 40 1.1 0 0 0.5
b 127 39 464 282 0
207 400 496 448 496 4 OUT\sBIAS
x 39 150 63 153 4 12 2.5V
x 243 533 447 536 4 12 load\scapacitance\son\sNEM\srelay\sbodies
x 245 33 465 36 4 12 One\sstage\sof\scross-coupled\scharge\spump
g 192 544 192 560 0 0
w 192 496 192 512 0
