$ 1 0.000005 10.20027730826997 50 5 43 5e-11
f 192 208 192 256 52 1.5 0.02
f 128 208 128 256 53 1.5 0.02
w 128 208 160 176 0
w 208 256 240 256 0
w 112 256 80 256 0
f 128 176 128 128 53 1.5 0.02
f 192 176 192 128 52 1.5 0.02
w 128 176 160 208 0
w 192 176 160 208 0
w 144 256 160 256 0
w 160 208 160 256 0
w 160 256 176 256 0
w 160 176 192 208 0
w 160 176 160 128 0
w 144 128 160 128 0
w 160 128 176 128 0
w 208 128 240 128 0
w 112 128 80 128 0
w 80 128 80 192 0
w 80 192 80 256 0
c 160 128 160 96 0 1e-12 -3.9000007143163637 0.001
c 160 256 160 288 0 1e-12 -3.899500658379955 0.001
R 16 96 16 64 1 2 100 2.5 2.5 0 0.5
w 16 96 160 96 0
R 80 192 48 192 0 0 40 1.1 0 0 0.5
w 240 128 240 256 0
c 320 256 320 288 0 1e-12 -8.89902826828058 0.001
c 320 128 320 96 0 1e-12 -8.899502087010784 0.001
w 272 128 240 128 0
w 368 128 400 128 0
w 320 128 336 128 0
w 304 128 320 128 0
w 320 176 320 128 0
w 320 176 352 208 0
w 320 256 336 256 0
w 320 208 320 256 0
w 304 256 320 256 0
w 352 176 320 208 0
w 288 176 320 208 0
f 352 176 352 128 52 1.5 0.02
f 288 176 288 128 53 1.5 0.02
w 272 256 240 256 0
w 368 256 400 256 0
w 288 208 320 176 0
f 288 208 288 256 53 1.5 0.02
f 352 208 352 256 52 1.5 0.02
w 160 288 320 288 0
w 160 96 320 96 0
w 16 96 16 288 0
I 16 288 160 288 0 0.5 5
w 400 128 400 192 0
w 400 192 400 256 0
207 432 192 480 192 4 OUT\sBIAS
x -14 59 58 62 4 12 200MHz\s2.5V
x 74 291 90 294 4 8 2.5V
w 432 192 400 192 0
c 432 192 432 288 0 1e-10 -8.89902769618579 0.001
g 432 288 432 304 0 0
x 437 259 493 262 4 12 NEM\srelay
x 441 271 486 274 4 12 load\scap
