set nem_ohmux_invd0_2i_1b(configure) {0.98 0.02 0.02 0.05 1 3.50856900215 r6cad-tsmc40r.stanford.edu 1604052411.22 1604052414.73 -1.0 -1.0 -1.0 -1.0 -1.0 -1.0 -1.0 -1.0 -1.0 -1.0 -1.0 -1.0 -1.0 -1.0}
set nem_ohmux_invd0_2i_1b(leakage_power__ACQ_1) {0.12 0.02 16.18 1.45 1 21.6531140804 r6cad-tsmc40r.stanford.edu 1604052442.62 1604052464.27 0.221215009689 21.4298231602 0.509453058243 0.0545949935913 0.00461196899414 20.7059760094 0.0 0.0 0.0 0.0 0.0 0.0 0.0 0.0}
set nem_ohmux_invd0_2i_1b(combineArcs__ACQ_6) {0.22 0.04 84.42 5.5 1 110.204421997 r6cad-tsmc40r.stanford.edu 1604052442.36 1604052552.57 0.268110990524 109.934270144 1.13785099983 0.221077919006 0.00171685218811 108.378719807 0.0 0.0 0.0 0.0 0.0 0.0 0.0 0.0}
set nem_ohmux_invd0_2i_1b(combineArcs__ACQ_5) {0.22 0.04 84.3 5.5 1 120.388967991 r6cad-tsmc40r.stanford.edu 1604052442.57 1604052562.95 0.258698940277 120.127714157 1.38551497459 0.0700001716614 0.00157594680786 118.511394978 0.0 0.0 0.0 0.0 0.0 0.0 0.0 0.0}
set nem_ohmux_invd0_2i_1b(energy__I0_0__lh__ACQ_1) {0.15 0.03 84.12 4.98 1 119.878369093 r6cad-tsmc40r.stanford.edu 1604052443.15 1604052563.02 0.196516990662 119.679881096 1.84994888306 0.0487902164459 0.000977039337158 117.421022892 0.0 0.0 0.0 0.0 0.0 0.0 0.0 0.0}
set nem_ohmux_invd0_2i_1b(energy__I0_0__hl__ACQ_1) {0.08 0.02 84.16 5.08 1 122.791060925 r6cad-tsmc40r.stanford.edu 1604052464.28 1604052587.07 0.101916074753 122.682458878 1.48223400116 0.038843870163 0.000983953475952 121.133569956 0.0 0.0 0.0 0.0 0.0 0.0 0.0 0.0}
set nem_ohmux_invd0_2i_1b(energy__I1_0__lh__ACQ_1) {0.09 0.02 83.88 5.0 1 123.050275087 r6cad-tsmc40r.stanford.edu 1604052563.03 1604052686.09 0.108110904694 122.940783024 1.07230591774 0.0846450328827 0.00104999542236 121.754711866 0.0 0.0 0.0 0.0 0.0 0.0 0.0 0.0}
set nem_ohmux_invd0_2i_1b(energy__I1_0__hl__ACQ_1) {0.08 0.02 84.17 4.86 1 111.871090174 r6cad-tsmc40r.stanford.edu 1604052587.08 1604052698.95 0.101219177246 111.768462896 1.19673109055 0.0676381587982 0.000957012176514 110.469871998 0.0 0.0 0.0 0.0 0.0 0.0 0.0 0.0}
set nem_ohmux_invd0_2i_1b(delay__I0_0__hl__ZN_0__lh__ACQ_1) {0.23 0.1 563.33 31.95 1 652.894862175 r6cad-tsmc40r.stanford.edu 1604052442.74 1604053095.63 0.145955085754 652.746541977 5.93026399612 0.132416963577 0.00141978263855 646.518244982 0.0 0.0 0.0 0.0 0.0 0.0 0.0 0.0}
set nem_ohmux_invd0_2i_1b(delay__I0_0__lh__ZN_0__hl__ACQ_1) {0.23 0.09 560.36 29.94 1 659.782394886 r6cad-tsmc40r.stanford.edu 1604052442.93 1604053102.71 0.36698102951 659.4134202 5.60608100891 0.0830619335175 0.00157189369202 653.347419977 0.0 0.0 0.0 0.0 0.0 0.0 0.0 0.0}
set nem_ohmux_invd0_2i_1b(delay__I1_0__hl__ZN_0__lh__ACQ_1) {0.16 0.09 563.34 29.4 1 624.978849173 r6cad-tsmc40r.stanford.edu 1604052552.58 1604053177.56 0.107585906982 624.869517088 5.4920091629 0.102766036987 0.00142192840576 619.229815006 0.0 0.0 0.0 0.0 0.0 0.0 0.0 0.0}
set nem_ohmux_invd0_2i_1b(delay__I1_0__lh__ZN_0__hl__ACQ_1) {0.16 0.09 562.34 30.21 1 629.136533976 r6cad-tsmc40r.stanford.edu 1604052562.96 1604053192.1 0.170943021774 628.963967085 5.314412117 0.111351966858 0.00168800354004 623.495765924 0.0 0.0 0.0 0.0 0.0 0.0 0.0 0.0}
set nem_ohmux_invd0_2i_1b(combineArcs__ACQ_2) {0.49 0.2 791.49 65.49 1 926.027699947 r6cad-tsmc40r.stanford.edu 1604052441.26 1604053367.29 0.364275932312 925.661863089 5.99849081039 0.14657998085 0.00226497650146 913.08354497 0.0 0.0 0.0 0.0 0.0 0.0 0.0 0.0}
set nem_ohmux_invd0_2i_1b(combineArcs__ACQ_2) {0.49 0.2 791.49 65.49 1 926.028028011 r6cad-tsmc40r.stanford.edu 1604052441.26 1604053367.29 0.364275932312 925.661863089 5.99849081039 0.14657998085 0.00226497650146 913.08354497 0.0 0.0 0.0 0.0 0.0 0.0 0.0 0.0}
set nem_ohmux_invd0_2i_1b(combineArcs__ACQ_1) {0.47 0.2 791.8 63.48 1 909.850227833 r6cad-tsmc40r.stanford.edu 1604052442.04 1604053351.89 0.450282096863 909.397562027 6.16197299957 0.19408416748 0.00210499763489 896.400650978 0.0 0.0 0.0 0.0 0.0 0.0 0.0 0.0}
set nem_ohmux_invd0_2i_1b(combineArcs__ACQ_1) {0.47 0.2 791.8 63.48 1 909.850513935 r6cad-tsmc40r.stanford.edu 1604052442.04 1604053351.89 0.450282096863 909.397562027 6.16197299957 0.19408416748 0.00210499763489 896.400650978 0.0 0.0 0.0 0.0 0.0 0.0 0.0 0.0}
set nem_ohmux_invd0_2i_1b(combineArcs__ACQ_4) {0.47 0.18 793.66 63.1 1 922.095615864 r6cad-tsmc40r.stanford.edu 1604052442.12 1604053364.22 0.406642913818 921.686668158 6.0460319519 0.0925369262695 0.00222992897034 908.761342764 0.0 0.0 0.0 0.0 0.0 0.0 0.0 0.0}
set nem_ohmux_invd0_2i_1b(combineArcs__ACQ_4) {0.47 0.18 793.66 63.1 1 922.095921993 r6cad-tsmc40r.stanford.edu 1604052442.12 1604053364.22 0.406642913818 921.686668158 6.0460319519 0.0925369262695 0.00222992897034 908.761342764 0.0 0.0 0.0 0.0 0.0 0.0 0.0 0.0}
set nem_ohmux_invd0_2i_1b(combineArcs__ACQ_3) {0.46 0.2 795.2 64.36 1 919.920556784 r6cad-tsmc40r.stanford.edu 1604052442.34 1604053362.26 0.414119958878 919.503953934 6.23535585403 0.192222118378 0.00206589698792 906.71321702 0.0 0.0 0.0 0.0 0.0 0.0 0.0 0.0}
set nem_ohmux_invd0_2i_1b(combineArcs__ACQ_3) {0.46 0.2 795.2 64.36 1 919.920953989 r6cad-tsmc40r.stanford.edu 1604052442.34 1604053362.27 0.414119958878 919.503953934 6.23535585403 0.192222118378 0.00206589698792 906.71321702 0.0 0.0 0.0 0.0 0.0 0.0 0.0 0.0}
set nem_ohmux_invd0_2i_1b(modeling) {0.68 0.03 0.02 0.07 1 0.936028003693 r6cad-tsmc40r.stanford.edu 1604053400.43 1604053401.37 0.36698102951 0.00428175926208 5.60608100891 0.260848522186 0.0583488941193 0.0 0.0 0.0 0.0 0.0 0.0 0.0 0.0 0.0}
set nem_ohmux_invd0_2i_1b(modeling) {1.02 0.03 0.00999999999999 0.06 1 1.31949615479 r6cad-tsmc40r.stanford.edu 1604053431.17 1604053432.49 0.107585906982 0.0076699256897 5.4920091629 0.547588348389 0.192769050598 0.0 0.0 0.0 0.0 0.0 0.0 0.0 0.0 0.0}
set nem_ohmux_invd0_2i_1b(modeling) {1.18 0.08 0.0500000000001 0.11 1 1.65057682991 r6cad-tsmc40r.stanford.edu 1604053461.7 1604053463.35 0.170943021774 0.00742197036743 5.314412117 0.547310352325 0.216294050217 0.0 0.0 0.0 0.0 0.0 0.0 0.0 0.0 0.0}
